2 0.355859 0.629167 0.0648438 0.134722 0.602051
2 0.325781 0.628472 0.0707031 0.152778 0.709961
2 0.360156 0.624653 0.0597656 0.127083 0.613281
2 0.325391 0.631597 0.0710938 0.149306 0.794922
2 0.361328 0.624306 0.0578125 0.122222 0.637207
2 0.324219 0.632986 0.0765625 0.149306 0.808594
2 0.353906 0.614583 0.0734375 0.143056 0.660156
2 0.324414 0.633333 0.0800781 0.15 0.770996
2 0.355469 0.611806 0.0765625 0.154167 0.650391
2 0.335742 0.637153 0.0996094 0.152083 0.780762
2 0.335156 0.638889 0.0921875 0.151389 0.800293
2 0.341016 0.643403 0.103125 0.163194 0.855469
2 0.348047 0.642361 0.115625 0.1625 0.830566
2 0.353711 0.639583 0.120703 0.159722 0.80127
2 0.358594 0.639583 0.121094 0.165278 0.800293
2 0.367188 0.637847 0.1125 0.160417 0.836914
2 0.373242 0.637847 0.110547 0.170139 0.825195
2 0.379297 0.638194 0.109375 0.175 0.848633
2 0.385156 0.638889 0.111719 0.173611 0.852539
2 0.39082 0.638194 0.113672 0.175 0.853516
2 0.397656 0.642361 0.1125 0.168056 0.857422
2 0.401172 0.643056 0.119531 0.163889 0.857422
2 0.40791 0.646528 0.124805 0.159722 0.853516
2 0.360352 0.614583 0.0703125 0.159722 0.605957
2 0.411328 0.65 0.133594 0.158333 0.86084
2 0.415234 0.651389 0.136719 0.152778 0.861816
2 0.357617 0.616667 0.0675781 0.133333 0.62793
