2 0.355859 0.629167 0.0648438 0.134722 0.602051
2 0.325781 0.628472 0.0707031 0.152778 0.709961
2 0.360156 0.624653 0.0597656 0.127083 0.613281
2 0.325391 0.631597 0.0710938 0.149306 0.794922
2 0.361328 0.624306 0.0578125 0.122222 0.637207
2 0.324219 0.632986 0.0765625 0.149306 0.808594
2 0.353906 0.614583 0.0734375 0.143056 0.660156
2 0.324414 0.633333 0.0800781 0.15 0.770996
2 0.355469 0.611806 0.0765625 0.154167 0.650391
2 0.335742 0.637153 0.0996094 0.152083 0.780762
2 0.335156 0.638889 0.0921875 0.151389 0.800293
2 0.341016 0.643403 0.103125 0.163194 0.855469
2 0.348047 0.642361 0.115625 0.1625 0.830566
2 0.353711 0.639583 0.120703 0.159722 0.80127
2 0.358594 0.639583 0.121094 0.165278 0.800293
2 0.367188 0.637847 0.1125 0.160417 0.836914
2 0.373242 0.637847 0.110547 0.170139 0.825195
2 0.379297 0.638194 0.109375 0.175 0.848633
2 0.385156 0.638889 0.111719 0.173611 0.852539
2 0.39082 0.638194 0.113672 0.175 0.853516
2 0.397656 0.642361 0.1125 0.168056 0.857422
2 0.401172 0.643056 0.119531 0.163889 0.857422
2 0.40791 0.646528 0.124805 0.159722 0.853516
2 0.360352 0.614583 0.0703125 0.159722 0.605957
2 0.411328 0.65 0.133594 0.158333 0.86084
2 0.415234 0.651389 0.136719 0.152778 0.861816
2 0.357617 0.616667 0.0675781 0.133333 0.62793
2 0.42041 0.654167 0.14668 0.152778 0.850586
2 0.356836 0.61875 0.0644531 0.1375 0.692871
2 0.424609 0.660417 0.148438 0.155556 0.852539
2 0.356836 0.619097 0.0621094 0.138194 0.740234
2 0.430078 0.664236 0.151563 0.163194 0.867676
2 0.358984 0.619444 0.0617188 0.141667 0.694336
2 0.432031 0.665972 0.150781 0.156944 0.858398
2 0.357422 0.617361 0.0625 0.143056 0.672363
2 0.440625 0.664583 0.15 0.154167 0.852539
2 0.356641 0.620139 0.0648438 0.147222 0.712402
2 0.311914 0.634375 0.0667969 0.100694 0.67041
2 0.441797 0.666319 0.155469 0.159028 0.850586
2 0.312109 0.636458 0.075 0.104861 0.67334
2 0.358984 0.620833 0.0601563 0.152778 0.657715
2 0.449219 0.666667 0.153125 0.1625 0.860352
2 0.317969 0.636458 0.0796875 0.107639 0.758301
2 0.358594 0.618403 0.0617188 0.146528 0.676758
2 0.454688 0.666667 0.152344 0.161111 0.862793
2 0.321094 0.637153 0.0804688 0.10625 0.734863
2 0.354688 0.620139 0.0710938 0.144444 0.652344
2 0.460059 0.664236 0.148633 0.161806 0.86377
2 0.324609 0.647917 0.0898438 0.123611 0.80127
2 0.356055 0.615278 0.06875 0.138889 0.691895
2 0.468066 0.664583 0.148242 0.1625 0.873535
2 0.332813 0.648264 0.0820313 0.124306 0.812988
2 0.358203 0.614931 0.0632813 0.13125 0.749023
2 0.471875 0.666319 0.146094 0.161806 0.854492
2 0.335156 0.645139 0.084375 0.131944 0.838867
2 0.357422 0.617014 0.0640625 0.13125 0.774414
2 0.475391 0.664583 0.149219 0.165278 0.867676
2 0.342383 0.646875 0.0871094 0.134028 0.825684
2 0.357813 0.614236 0.0617188 0.124306 0.754883
2 0.346289 0.647222 0.08125 0.131944 0.867188
2 0.472266 0.666667 0.164063 0.165278 0.840332
2 0.358594 0.611111 0.0625 0.116667 0.751953
2 0.473828 0.668056 0.167969 0.165278 0.854492
2 0.351563 0.647917 0.0835938 0.133333 0.800293
2 0.360938 0.611806 0.0640625 0.116667 0.633301
2 0.480859 0.670833 0.164844 0.165278 0.864746
2 0.358203 0.649306 0.0867188 0.129167 0.859863
2 0.485938 0.670833 0.164063 0.166667 0.870117
2 0.366211 0.650694 0.0832031 0.125 0.78125
2 0.49375 0.678472 0.1625 0.175 0.867676
2 0.374023 0.655208 0.0894531 0.122917 0.850098
2 0.495313 0.683333 0.16875 0.179167 0.872559
2 0.378516 0.659028 0.0921875 0.125 0.844727
2 0.499219 0.6875 0.16875 0.190278 0.882812
2 0.375977 0.663889 0.101953 0.131944 0.859863
2 0.507812 0.689062 0.159375 0.196875 0.879395
2 0.381445 0.667014 0.0949219 0.132639 0.853027
2 0.510938 0.69184 0.164063 0.196875 0.884277
2 0.387695 0.668403 0.0902344 0.136806 0.866211
2 0.514844 0.694444 0.167969 0.2 0.88623
2 0.389063 0.670486 0.0851563 0.134028 0.868164
2 0.516797 0.697396 0.171094 0.202431 0.888184
2 0.390625 0.669097 0.0898438 0.132639 0.87207
2 0.520313 0.7 0.171875 0.198611 0.900879
2 0.39375 0.669444 0.0914063 0.133333 0.890625
2 0.524219 0.701389 0.173438 0.197222 0.905762
2 0.394531 0.669097 0.0953125 0.138194 0.881348
2 0.331641 0.633681 0.0585938 0.113194 0.615234
2 0.527344 0.701389 0.18125 0.193056 0.908203
2 0.401465 0.672917 0.0892578 0.136111 0.848633
2 0.333984 0.634722 0.0601563 0.115278 0.680664
2 0.528906 0.701389 0.185938 0.188889 0.89502
2 0.412109 0.672222 0.0859375 0.136111 0.853027
2 0.330469 0.638194 0.0636719 0.111111 0.606934
2 0.530469 0.702778 0.189063 0.190278 0.881348
2 0.414453 0.674653 0.0890625 0.136806 0.840332
2 0.537109 0.702951 0.184375 0.188542 0.88916
2 0.41875 0.673611 0.084375 0.133333 0.857422
2 0.547656 0.704861 0.16875 0.190278 0.901367
2 0.420996 0.675347 0.0845703 0.13125 0.876465
2 0.553906 0.705729 0.170313 0.191319 0.916016
2 0.421191 0.676042 0.0904297 0.132639 0.869141
2 0.556641 0.704861 0.172656 0.1875 0.913574
2 0.430078 0.677083 0.096875 0.133333 0.847656
2 0.557813 0.703472 0.178125 0.184722 0.900391
2 0.427246 0.676389 0.0908203 0.131944 0.86084
2 0.353125 0.645139 0.0644531 0.126389 0.720215
2 0.559375 0.704861 0.182031 0.183333 0.901367
2 0.430469 0.677431 0.0921875 0.132639 0.864746
2 0.354297 0.648264 0.0625 0.134028 0.717773
2 0.309766 0.64375 0.0703125 0.111111 0.645996
2 0.558594 0.706944 0.189063 0.180556 0.890137
2 0.433496 0.677951 0.0955078 0.132986 0.866699
2 0.357813 0.651736 0.0664062 0.139583 0.731934
2 0.310547 0.646528 0.0722656 0.122222 0.656738
2 0.5625 0.709722 0.189844 0.180556 0.893066
2 0.435938 0.678993 0.09375 0.130903 0.87207
2 0.357813 0.654167 0.0671875 0.136111 0.696777
2 0.312891 0.650694 0.0757813 0.130556 0.620605
2 0.564063 0.714583 0.19375 0.173611 0.894531
2 0.438672 0.68125 0.0921875 0.126389 0.871094
2 0.356445 0.65625 0.0683594 0.131944 0.628906
2 0.569922 0.717361 0.191406 0.172222 0.878906
2 0.443359 0.682639 0.0960938 0.125 0.865723
2 0.326563 0.652083 0.0585938 0.134722 0.663574
2 0.362109 0.656944 0.0625 0.130556 0.648926
2 0.573438 0.719618 0.190625 0.169097 0.880371
2 0.447656 0.684896 0.1 0.119097 0.852539
2 0.369531 0.657986 0.0578125 0.124306 0.749023
2 0.327344 0.653125 0.0664062 0.132639 0.729492
2 0.578906 0.720833 0.183594 0.168056 0.90918
2 0.450879 0.686806 0.10293 0.122222 0.872559
2 0.335547 0.655556 0.071875 0.127778 0.766113
2 0.588672 0.72066 0.172656 0.167014 0.890137
2 0.455078 0.6875 0.108594 0.123611 0.873535
2 0.331641 0.659722 0.0640625 0.136111 0.782715
2 0.377734 0.659028 0.0640625 0.129167 0.757812
2 0.595703 0.720833 0.164844 0.168056 0.907227
2 0.460938 0.688194 0.10625 0.125 0.883789
2 0.335156 0.661806 0.0640625 0.134722 0.84375
2 0.380469 0.663542 0.0640625 0.128472 0.837402
2 0.601172 0.720139 0.159375 0.168056 0.904785
2 0.469922 0.688889 0.0984375 0.125 0.899902
2 0.3375 0.663194 0.0625 0.133333 0.882324
2 0.383789 0.668056 0.0644531 0.136111 0.76709
2 0.603906 0.719271 0.160938 0.167014 0.911621
2 0.341016 0.667361 0.065625 0.126389 0.909668
2 0.476563 0.688194 0.1 0.120833 0.87207
2 0.392969 0.671528 0.071875 0.134722 0.791016
2 0.605469 0.71875 0.164844 0.166667 0.908203
2 0.482422 0.690451 0.100781 0.121875 0.882812
2 0.343359 0.66875 0.0679688 0.123611 0.848145
2 0.398633 0.675 0.0777344 0.151389 0.845215
2 0.60625 0.719618 0.165625 0.166319 0.901367
2 0.485156 0.691667 0.107813 0.120833 0.865723
2 0.347656 0.671528 0.0746094 0.125 0.849121
2 0.405469 0.680382 0.0835938 0.158681 0.828613
2 0.607813 0.719271 0.165625 0.164236 0.896484
2 0.490625 0.697917 0.109375 0.126389 0.859375
2 0.353516 0.672917 0.0832031 0.129167 0.792969
2 0.40625 0.677778 0.0859375 0.158333 0.786133
2 0.611719 0.717882 0.1625 0.161458 0.902344
2 0.495313 0.711111 0.104688 0.154167 0.867676
2 0.413281 0.683333 0.0890625 0.155556 0.834961
2 0.352344 0.673611 0.08125 0.127778 0.804199
2 0.612891 0.719271 0.164844 0.158681 0.909668
2 0.502734 0.715278 0.096875 0.151389 0.831543
2 0.354297 0.672917 0.0777344 0.125 0.825684
2 0.423828 0.683333 0.0929688 0.154167 0.8125
2 0.614453 0.719618 0.166406 0.157986 0.907227
2 0.361328 0.680556 0.0828125 0.138889 0.85791
2 0.430078 0.684722 0.0898438 0.143056 0.850098
2 0.511719 0.715278 0.09375 0.152778 0.830566
2 0.616406 0.719618 0.16875 0.157986 0.903809
2 0.438379 0.691667 0.0919922 0.131944 0.867188
2 0.514844 0.716493 0.0859375 0.150347 0.841309
2 0.364844 0.679167 0.071875 0.130556 0.837402
2 0.61875 0.71875 0.172656 0.158333 0.895996
2 0.442871 0.704167 0.0970703 0.141667 0.859375
2 0.371484 0.68316 0.0671875 0.139236 0.835449
2 0.520313 0.718229 0.0828125 0.152431 0.822754
2 0.333984 0.625 0.0539063 0.130556 0.710449
2 0.620313 0.719618 0.175 0.157986 0.902344
2 0.451563 0.727083 0.117188 0.170833 0.875488
2 0.37832 0.686111 0.0691406 0.144444 0.849121
2 0.523438 0.717361 0.0765625 0.155556 0.833008
2 0.3875 0.617014 0.0679688 0.102083 0.602051
2 0.622656 0.71875 0.178125 0.156944 0.902344
2 0.458691 0.728993 0.126367 0.167014 0.869141
2 0.380859 0.685417 0.0679688 0.144444 0.863281
2 0.528906 0.713715 0.075 0.144792 0.727051
2 0.391406 0.620139 0.0703125 0.102778 0.715332
2 0.336719 0.614583 0.0632813 0.159722 0.681641
2 0.627344 0.717882 0.179688 0.155903 0.907227
2 0.469141 0.738194 0.121094 0.181944 0.867676
2 0.387695 0.683507 0.0667969 0.138542 0.851074
2 0.341211 0.606597 0.0605469 0.163194 0.705078
2 0.393359 0.618403 0.0679688 0.0972222 0.682617
2 0.635156 0.71684 0.175 0.155208 0.90918
2 0.485938 0.743056 0.1125 0.173611 0.894531
2 0.398633 0.687326 0.0855469 0.144792 0.828613
2 0.342578 0.610069 0.0605469 0.18125 0.696777
2 0.534375 0.707639 0.0703125 0.123611 0.666992
2 0.641406 0.718056 0.173438 0.152778 0.890625
2 0.496094 0.742882 0.114063 0.169792 0.870117
2 0.398633 0.690104 0.0855469 0.144792 0.806152
2 0.542969 0.718056 0.059375 0.138889 0.780762
2 0.346094 0.608681 0.0554688 0.184028 0.646973
2 0.511719 0.742361 0.115625 0.172222 0.881836
2 0.64375 0.71875 0.179688 0.151389 0.878906
2 0.399805 0.692882 0.0855469 0.144792 0.807617
2 0.348438 0.605208 0.0523438 0.175694 0.650391
2 0.394531 0.627431 0.0742188 0.103472 0.602051
2 0.650391 0.717882 0.177344 0.150347 0.897461
2 0.522266 0.748437 0.110938 0.153125 0.875488
2 0.406641 0.693229 0.0945313 0.146875 0.848633
2 0.660938 0.717361 0.165625 0.148611 0.881348
2 0.536719 0.754167 0.11875 0.147222 0.86084
2 0.411719 0.695833 0.102344 0.141667 0.848633
2 0.554688 0.746528 0.129688 0.166667 0.887695
2 0.666406 0.716667 0.167188 0.15 0.873535
2 0.416406 0.7 0.107031 0.147222 0.850586
2 0.330859 0.65625 0.0628906 0.1375 0.650391
2 0.563281 0.749306 0.132812 0.159722 0.896484
2 0.670703 0.715278 0.167188 0.15 0.860352
2 0.422754 0.705729 0.10918 0.152431 0.852539
2 0.332031 0.653472 0.0675781 0.141667 0.643555
2 0.573438 0.750174 0.14375 0.155208 0.89502
2 0.673828 0.713194 0.172656 0.147222 0.879395
2 0.431348 0.719444 0.116992 0.173611 0.861816
2 0.336523 0.652083 0.0707031 0.143056 0.706543
2 0.416406 0.631597 0.0679688 0.0854167 0.625
2 0.585156 0.754167 0.160938 0.15 0.899414
2 0.68125 0.714583 0.165625 0.148611 0.882812
2 0.440234 0.726215 0.117188 0.172569 0.860352
2 0.338672 0.651736 0.0742188 0.142361 0.75
2 0.422754 0.629514 0.0732422 0.08125 0.725098
2 0.354883 0.607986 0.0753906 0.116667 0.632324
2 0.607813 0.754167 0.1625 0.15 0.899414
2 0.449121 0.727778 0.112695 0.177778 0.858398
2 0.684375 0.710417 0.165625 0.148611 0.845215
2 0.34043 0.652778 0.0757813 0.144444 0.784668
2 0.428906 0.634028 0.0773438 0.0875 0.750488
2 0.623438 0.751562 0.14375 0.149653 0.88916
2 0.461719 0.729167 0.127344 0.181944 0.858398
2 0.689063 0.70816 0.171875 0.142014 0.843262
2 0.342578 0.653125 0.084375 0.149306 0.825195
2 0.364258 0.608333 0.0667969 0.108333 0.693359
2 0.433496 0.660069 0.0783203 0.129861 0.625
2 0.647266 0.751562 0.1375 0.157986 0.893066
2 0.467188 0.735417 0.11875 0.183333 0.869141
2 0.348242 0.65625 0.0921875 0.148611 0.841309
2 0.694141 0.705556 0.171875 0.1375 0.782227
2 0.591016 0.708333 0.0742188 0.129167 0.756348
2 0.438281 0.653472 0.090625 0.118056 0.722656
2 0.666016 0.743229 0.132031 0.157986 0.881348
2 0.470313 0.737674 0.11875 0.174653 0.86377
2 0.350195 0.659375 0.0964844 0.150694 0.845215
2 0.442578 0.652083 0.100781 0.1125 0.8125
2 0.701563 0.705556 0.170313 0.1375 0.698242
2 0.598438 0.70434 0.0640625 0.127431 0.654785
2 0.369727 0.601736 0.0761719 0.0972222 0.604004
2 0.4875 0.740972 0.109375 0.166667 0.880371
2 0.682813 0.745833 0.1375 0.168056 0.86084
2 0.354297 0.663542 0.102344 0.14375 0.849609
2 0.448047 0.651389 0.109375 0.109722 0.821777
2 0.705469 0.702083 0.173438 0.140278 0.716309
2 0.604688 0.699306 0.053125 0.120833 0.677246
2 0.497656 0.74375 0.107031 0.158333 0.896484
2 0.692188 0.747917 0.142188 0.166667 0.862793
2 0.358594 0.668056 0.103906 0.1375 0.849609
2 0.451953 0.652778 0.111719 0.119444 0.830566
2 0.610156 0.698438 0.0515625 0.117014 0.808105
2 0.707813 0.709028 0.185938 0.161111 0.695312
2 0.504688 0.745833 0.1125 0.15 0.904297
2 0.363672 0.672222 0.101563 0.127778 0.861816
2 0.710156 0.745833 0.153125 0.172222 0.844238
2 0.457813 0.649306 0.104688 0.120833 0.843262
2 0.616797 0.7 0.0492188 0.116667 0.837402
2 0.333789 0.633333 0.0753906 0.125 0.705566
2 0.5125 0.747396 0.11875 0.155208 0.88916
2 0.732813 0.75 0.14375 0.159722 0.876953
2 0.461719 0.646528 0.107813 0.115278 0.834961
2 0.367578 0.676042 0.103906 0.125694 0.82373
2 0.621875 0.705382 0.0515625 0.117014 0.81543
2 0.718359 0.70625 0.188281 0.161111 0.770996
2 0.335547 0.615278 0.075 0.0881944 0.725098
2 0.745313 0.751389 0.14375 0.147222 0.912109
2 0.523438 0.745139 0.115625 0.161111 0.910645
2 0.372266 0.685417 0.10625 0.140278 0.850586
2 0.469531 0.649306 0.109375 0.119444 0.839355
2 0.723047 0.704861 0.191406 0.156944 0.815918
2 0.339063 0.618056 0.0726563 0.0958333 0.764648
2 0.627734 0.704167 0.0523438 0.111111 0.651367
2 0.7625 0.745139 0.15 0.144444 0.902344
2 0.522656 0.746007 0.135938 0.166319 0.900391
2 0.477734 0.655903 0.105469 0.13125 0.859375
2 0.377344 0.6875 0.115625 0.144444 0.853516
2 0.732031 0.701562 0.19375 0.152431 0.813477
2 0.633594 0.709549 0.05625 0.119792 0.773438
2 0.342773 0.629861 0.0714844 0.115278 0.726562
2 0.5375 0.746528 0.129688 0.161111 0.90625
2 0.78125 0.740972 0.1375 0.151389 0.902344
2 0.485156 0.660417 0.10625 0.134722 0.87793
2 0.74375 0.697396 0.1875 0.155208 0.862793
2 0.384375 0.685417 0.117188 0.140278 0.848633
2 0.637109 0.70625 0.0578125 0.115278 0.774414
2 0.345313 0.635417 0.0710938 0.120833 0.729492
2 0.547266 0.747396 0.135156 0.157986 0.910645
2 0.800781 0.735417 0.132812 0.148611 0.900391
2 0.492188 0.666319 0.107813 0.132639 0.881836
2 0.39043 0.683333 0.123047 0.141667 0.87207
2 0.749219 0.696528 0.176563 0.15 0.864746
2 0.358594 0.652083 0.09375 0.15 0.708984
2 0.647656 0.705729 0.0695313 0.119097 0.621582
2 0.557813 0.748785 0.142188 0.152431 0.903809
2 0.754688 0.692882 0.173438 0.147569 0.890625
2 0.8125 0.732639 0.13125 0.145833 0.883789
2 0.498828 0.666667 0.105469 0.123611 0.87793
2 0.404004 0.684028 0.123242 0.140278 0.867676
2 0.352734 0.651736 0.0796875 0.138194 0.751953
2 0.661328 0.704167 0.0859375 0.119444 0.666504
2 0.38457 0.6 0.0894531 0.0736111 0.613281
2 0.832617 0.723611 0.116016 0.143056 0.922363
2 0.758984 0.696007 0.175781 0.157986 0.895996
2 0.566797 0.747917 0.141406 0.148611 0.89209
2 0.505469 0.66875 0.110938 0.118056 0.881836
2 0.409766 0.685417 0.115625 0.131944 0.864746
2 0.355469 0.655556 0.0921875 0.131944 0.790527
2 0.66875 0.703472 0.0875 0.122222 0.630859
2 0.846875 0.722222 0.110938 0.165278 0.907227
2 0.58125 0.74375 0.135938 0.15 0.900879
2 0.510938 0.672917 0.115625 0.118056 0.890137
2 0.763281 0.695139 0.178125 0.156944 0.876953
2 0.413184 0.686111 0.111133 0.123611 0.833008
2 0.356641 0.653125 0.0960938 0.132639 0.806152
2 0.389063 0.596528 0.0921875 0.075 0.622559
2 0.767969 0.69375 0.179688 0.156944 0.89209
2 0.854492 0.716667 0.119141 0.176389 0.887695
2 0.516797 0.678472 0.121875 0.125 0.883789
2 0.592188 0.738889 0.142188 0.15 0.871094
2 0.426172 0.687674 0.103906 0.121875 0.836914
2 0.365039 0.656944 0.0980469 0.133333 0.809082
2 0.392188 0.595833 0.0953125 0.0805556 0.640625
2 0.871875 0.714583 0.1 0.1875 0.903809
2 0.528516 0.69375 0.117969 0.155556 0.897949
2 0.771875 0.692882 0.178125 0.158681 0.895996
2 0.607813 0.738889 0.123438 0.15 0.88916
2 0.432129 0.688889 0.10918 0.119444 0.847656
2 0.375195 0.653472 0.104297 0.138889 0.787109
2 0.394141 0.595833 0.0921875 0.0736111 0.725098
2 0.621875 0.736806 0.115625 0.154167 0.912598
2 0.774219 0.695139 0.185938 0.161111 0.895996
2 0.883594 0.709722 0.101563 0.194444 0.895996
2 0.536719 0.696528 0.110938 0.155556 0.88916
2 0.438672 0.693056 0.111719 0.127778 0.843262
2 0.384766 0.651736 0.121094 0.138194 0.782227
2 0.396875 0.598611 0.1 0.0736111 0.680664
2 0.778516 0.694444 0.186719 0.156944 0.896484
2 0.892969 0.70625 0.09375 0.193056 0.89502
2 0.630859 0.730556 0.117188 0.166667 0.886719
2 0.539844 0.697049 0.120313 0.153125 0.87207
2 0.442969 0.694444 0.117969 0.1375 0.850586
2 0.387109 0.652431 0.122656 0.139583 0.800293
2 0.399609 0.600347 0.102344 0.0756944 0.660156
2 0.324805 0.579514 0.0398438 0.140972 0.605957
2 0.903125 0.708507 0.09375 0.194097 0.900879
2 0.642188 0.727083 0.109375 0.176389 0.896484
2 0.784375 0.694444 0.179688 0.158333 0.885254
2 0.551172 0.699306 0.119531 0.147222 0.874512
2 0.447266 0.707639 0.123438 0.154167 0.855469
2 0.39043 0.654861 0.125391 0.134722 0.826172
2 0.401563 0.597222 0.108594 0.075 0.649414
2 0.326563 0.582639 0.0453125 0.145833 0.642578
2 0.9125 0.701389 0.09375 0.186111 0.894531
2 0.653516 0.724826 0.108594 0.178125 0.885254
2 0.452246 0.717361 0.131445 0.1625 0.879395
2 0.789844 0.692361 0.173438 0.158333 0.865723
2 0.562109 0.701389 0.113281 0.144444 0.86084
2 0.398242 0.65625 0.112109 0.127778 0.756836
2 0.407031 0.596528 0.10625 0.0784722 0.666992
2 0.920313 0.690278 0.0953125 0.163889 0.900879
2 0.458691 0.716493 0.137305 0.153125 0.887695
2 0.798438 0.691667 0.16875 0.161111 0.886719
2 0.574609 0.701389 0.110156 0.143056 0.88623
2 0.662891 0.725694 0.110156 0.170833 0.822754
2 0.410938 0.660764 0.1125 0.13125 0.764648
2 0.412109 0.597222 0.108594 0.0791667 0.741699
2 0.805469 0.69184 0.165625 0.163542 0.90625
2 0.926563 0.689583 0.096875 0.165278 0.89209
2 0.582813 0.700694 0.108594 0.141667 0.883789
2 0.467969 0.718056 0.136719 0.161111 0.874512
2 0.673438 0.725 0.117188 0.172222 0.871094
2 0.413672 0.661111 0.114844 0.133333 0.779297
2 0.307422 0.622222 0.065625 0.120833 0.667969
2 0.418359 0.600694 0.105469 0.0833333 0.666992
2 0.814258 0.690972 0.162109 0.161111 0.905762
2 0.932813 0.686111 0.09375 0.158333 0.901367
2 0.594141 0.695139 0.100781 0.152778 0.894531
2 0.682813 0.728472 0.125 0.165278 0.883789
2 0.476563 0.719444 0.140625 0.163889 0.864746
2 0.417969 0.663542 0.1125 0.135417 0.790039
2 0.428516 0.602778 0.10625 0.0854167 0.710449
2 0.308398 0.622222 0.0699219 0.120833 0.700195
2 0.354297 0.589931 0.046875 0.121528 0.637207
2 0.81875 0.688194 0.1625 0.1625 0.910645
2 0.599609 0.694444 0.107813 0.158333 0.905762
2 0.940625 0.684028 0.09375 0.154167 0.900879
2 0.691406 0.732118 0.129688 0.141319 0.873535
2 0.484766 0.720833 0.138281 0.159722 0.852539
2 0.41875 0.665278 0.1125 0.138889 0.803711
2 0.307813 0.620486 0.0730469 0.120139 0.762207
2 0.432031 0.604861 0.103906 0.0847222 0.676758
2 0.358203 0.591319 0.0421875 0.121528 0.624512
2 0.946875 0.680729 0.090625 0.152431 0.907715
2 0.607813 0.694271 0.109375 0.164236 0.904785
2 0.82793 0.684722 0.156641 0.156944 0.89209
2 0.704688 0.721528 0.145313 0.148611 0.862793
2 0.502344 0.723611 0.127344 0.158333 0.857422
2 0.427344 0.669444 0.119531 0.1375 0.8125
2 0.309375 0.619097 0.0726563 0.120139 0.754395
2 0.438672 0.608333 0.105469 0.0805556 0.614258
2 0.617969 0.693229 0.1125 0.160764 0.902344
2 0.953125 0.678472 0.090625 0.159722 0.89209
2 0.835156 0.683333 0.15625 0.156944 0.888184
2 0.714063 0.713889 0.148438 0.155556 0.882812
2 0.509375 0.725174 0.128125 0.155208 0.850586
2 0.444922 0.673611 0.121875 0.136111 0.82959
2 0.31582 0.619444 0.0785156 0.122222 0.755859
2 0.448828 0.610417 0.107813 0.0763889 0.649414
2 0.341406 0.585764 0.078125 0.140278 0.648926
2 0.626953 0.695833 0.119531 0.156944 0.90918
2 0.841406 0.68316 0.15 0.150347 0.88916
2 0.957813 0.673611 0.084375 0.165278 0.881836
2 0.525 0.724826 0.117188 0.150347 0.87793
2 0.720703 0.711806 0.149219 0.151389 0.875488
2 0.449902 0.675 0.12207 0.136111 0.864746
2 0.321484 0.620833 0.08125 0.125 0.753418
2 0.339844 0.585069 0.0796875 0.142361 0.641602
2 0.848633 0.682639 0.149609 0.151389 0.901367
2 0.635938 0.696528 0.117188 0.145833 0.897461
2 0.739063 0.709549 0.134375 0.150347 0.896484
2 0.459375 0.672222 0.117188 0.147222 0.882812
2 0.529688 0.724306 0.125 0.143056 0.876953
2 0.961719 0.670833 0.0765625 0.173611 0.867676
2 0.325781 0.622222 0.0808594 0.125 0.803223
2 0.346484 0.580903 0.0652344 0.145139 0.695801
2 0.458203 0.61875 0.116406 0.0833333 0.641602
2 0.545313 0.727778 0.109375 0.148611 0.898926
2 0.75 0.709896 0.126563 0.155208 0.891602
2 0.645703 0.694618 0.120313 0.146875 0.890625
2 0.851563 0.681944 0.15 0.151389 0.886719
2 0.963281 0.666667 0.0734375 0.175 0.857422
2 0.465234 0.671528 0.128125 0.134722 0.84668
2 0.329297 0.622222 0.0835938 0.129167 0.79248
2 0.455469 0.636458 0.109375 0.11875 0.615234
2 0.655469 0.688889 0.115625 0.138889 0.904297
2 0.557031 0.727083 0.107813 0.155556 0.881348
2 0.755859 0.705729 0.128906 0.169097 0.872559
2 0.471875 0.672222 0.13125 0.136111 0.867676
2 0.85625 0.68125 0.148438 0.151389 0.866699
2 0.966406 0.666667 0.0671875 0.179167 0.852539
2 0.332617 0.628472 0.0839844 0.134722 0.835449
2 0.561719 0.726389 0.111719 0.166667 0.900391
2 0.76875 0.702604 0.123438 0.172569 0.893555
2 0.667578 0.68316 0.110156 0.136458 0.89209
2 0.482422 0.675 0.129688 0.133333 0.88916
2 0.973438 0.665278 0.053125 0.177778 0.878418
2 0.85918 0.682118 0.150391 0.155208 0.838379
2 0.338281 0.629861 0.0835938 0.136111 0.836426
2 0.675 0.681771 0.107813 0.139236 0.90625
2 0.570312 0.723785 0.123438 0.166319 0.900879
2 0.975 0.664583 0.05 0.177778 0.894043
2 0.776563 0.701389 0.126563 0.180556 0.881836
2 0.489453 0.675694 0.135156 0.126389 0.854492
2 0.339258 0.629861 0.0796875 0.136111 0.84668
2 0.866406 0.680556 0.145313 0.155556 0.826172
2 0.467969 0.642014 0.117188 0.13125 0.700195
2 0.578516 0.725 0.128125 0.159722 0.902344
2 0.685156 0.677083 0.103125 0.1375 0.901367
2 0.782031 0.700694 0.129688 0.179167 0.897461
2 0.976953 0.6625 0.0460938 0.176389 0.869629
2 0.86543 0.678472 0.150391 0.155556 0.858398
2 0.344141 0.630903 0.0851563 0.13125 0.844727
2 0.504688 0.675347 0.125 0.125694 0.840332
2 0.471875 0.645833 0.121875 0.136111 0.709961
2 0.585938 0.725 0.129688 0.154167 0.904297
2 0.792188 0.698438 0.129688 0.175347 0.897461
2 0.694531 0.670833 0.1 0.15 0.895996
2 0.869531 0.678472 0.151563 0.158333 0.870117
2 0.347656 0.628472 0.0890625 0.133333 0.856445
2 0.507031 0.699826 0.119531 0.178125 0.813477
2 0.978125 0.666667 0.04375 0.170833 0.773926
2 0.476953 0.648264 0.129688 0.136806 0.756836
2 0.597656 0.72934 0.134375 0.146875 0.901367
2 0.701563 0.669444 0.1 0.156944 0.897461
2 0.803125 0.700694 0.125 0.169444 0.891602
2 0.352734 0.629167 0.0976563 0.141667 0.86377
2 0.875 0.673611 0.15 0.156944 0.857422
2 0.510938 0.7 0.090625 0.176389 0.813477
2 0.979688 0.669792 0.040625 0.149306 0.775879
2 0.483594 0.652083 0.13125 0.138889 0.648926
2 0.809375 0.7 0.13125 0.161111 0.916016
2 0.60625 0.727951 0.134375 0.141319 0.900391
2 0.878906 0.672569 0.146875 0.157639 0.893555
2 0.709375 0.667708 0.1 0.15625 0.890625
2 0.357422 0.630903 0.102344 0.142361 0.850586
2 0.519141 0.701562 0.0882813 0.174653 0.848633
2 0.98125 0.669444 0.0375 0.144444 0.791992
2 0.488281 0.656944 0.132812 0.141667 0.641602
2 0.617188 0.724826 0.128125 0.139236 0.90918
2 0.882813 0.671528 0.145313 0.151389 0.902344
2 0.818945 0.697222 0.140234 0.165278 0.900391
2 0.717969 0.667361 0.09375 0.155556 0.87793
2 0.367578 0.632986 0.104688 0.140972 0.871094
2 0.982031 0.670139 0.0359375 0.140278 0.773438
2 0.523438 0.696007 0.0953125 0.171875 0.744141
2 0.626953 0.722222 0.125781 0.141667 0.909668
2 0.726953 0.66875 0.0960938 0.155556 0.890137
2 0.885938 0.670486 0.14375 0.149306 0.883789
2 0.373438 0.635764 0.101563 0.136806 0.874512
2 0.508594 0.6875 0.148438 0.186111 0.87207
2 0.823438 0.696528 0.15 0.161111 0.86377
2 0.982422 0.670139 0.0351562 0.145833 0.790527
2 0.629688 0.719444 0.142188 0.138889 0.900391
2 0.733203 0.669444 0.104688 0.15 0.874512
2 0.829688 0.69566 0.148438 0.155903 0.871094
2 0.377344 0.636806 0.114844 0.134722 0.869141
2 0.892188 0.669444 0.1375 0.144444 0.859375
2 0.514844 0.692361 0.153125 0.172222 0.825195
2 0.982813 0.670139 0.034375 0.145833 0.78418
2 0.303906 0.611806 0.0859375 0.159722 0.769531
2 0.841406 0.692361 0.1375 0.163889 0.900391
2 0.645313 0.716667 0.123438 0.140278 0.895996
2 0.736328 0.672917 0.107813 0.141667 0.875977
2 0.896875 0.668403 0.134375 0.145139 0.87207
2 0.383594 0.638542 0.115625 0.134028 0.866699
2 0.525781 0.697222 0.1625 0.170833 0.861816
2 0.983203 0.670833 0.0335938 0.143056 0.770508
2 0.307227 0.615625 0.0871094 0.154861 0.728516
2 0.651563 0.711285 0.126563 0.149653 0.891602
2 0.85 0.691493 0.134375 0.161458 0.878906
2 0.744531 0.671528 0.1125 0.138889 0.87793
2 0.39375 0.641667 0.114063 0.141667 0.873535
2 0.9 0.66875 0.134375 0.145833 0.871094
2 0.538281 0.702083 0.176563 0.166667 0.852539
2 0.309375 0.617014 0.0859375 0.152083 0.758301
2 0.982813 0.670833 0.034375 0.147222 0.730957
2 0.664844 0.711111 0.121875 0.165278 0.893066
2 0.399609 0.642361 0.114844 0.138889 0.88916
2 0.858594 0.693056 0.128125 0.163889 0.881836
2 0.753906 0.667361 0.104688 0.131944 0.865723
2 0.902344 0.667708 0.134375 0.145139 0.86377
2 0.312109 0.616667 0.090625 0.154167 0.815918
2 0.569141 0.723611 0.102344 0.130556 0.782715
2 0.983594 0.670139 0.0328125 0.145833 0.71875
2 0.523438 0.678472 0.129688 0.104167 0.706543
2 0.871875 0.693056 0.128125 0.166667 0.890625
2 0.403516 0.649306 0.117188 0.154167 0.890137
2 0.676563 0.709722 0.11875 0.166667 0.880371
2 0.759375 0.663889 0.104688 0.123611 0.828613
2 0.903125 0.665625 0.14375 0.15625 0.828613
2 0.535547 0.698611 0.141406 0.1375 0.826172
2 0.592578 0.703993 0.117969 0.153125 0.819336
2 0.317188 0.61875 0.096875 0.156944 0.806152
2 0.984375 0.668056 0.03125 0.147222 0.726562
2 0.875 0.693056 0.120313 0.170833 0.897949
2 0.683984 0.706944 0.124219 0.166667 0.891602
2 0.602734 0.701389 0.127344 0.156944 0.885254
2 0.543359 0.697917 0.141406 0.151389 0.87793
2 0.404688 0.654861 0.124219 0.151389 0.867676
2 0.319336 0.621875 0.0988281 0.160417 0.831543
2 0.910938 0.661806 0.140625 0.165278 0.827148
2 0.769531 0.6625 0.1 0.123611 0.8125
2 0.9875 0.663889 0.025 0.147222 0.720215
2 0.696094 0.708507 0.123438 0.166319 0.90918
2 0.882813 0.688194 0.128125 0.179167 0.885254
2 0.413184 0.657639 0.125195 0.147222 0.881348
2 0.614844 0.702083 0.13125 0.141667 0.881348
2 0.555469 0.690104 0.126563 0.155903 0.869141
2 0.321875 0.626736 0.105469 0.174306 0.842285
2 0.914063 0.659722 0.139063 0.172222 0.818359
2 0.778125 0.659375 0.0921875 0.122917 0.80127
2 0.988281 0.661458 0.0234375 0.145139 0.771973
2 0.705469 0.711806 0.126563 0.156944 0.895996
2 0.892969 0.684896 0.134375 0.180208 0.89209
2 0.42041 0.659028 0.124805 0.143056 0.884277
2 0.625 0.705556 0.126563 0.134722 0.875488
2 0.326563 0.628472 0.107813 0.176389 0.869141
2 0.567969 0.6875 0.1125 0.1625 0.867676
2 0.783203 0.659375 0.0976563 0.13125 0.811035
2 0.990625 0.663194 0.01875 0.141667 0.716797
2 0.717578 0.716667 0.136719 0.143056 0.907227
2 0.894531 0.685417 0.134375 0.176389 0.904297
2 0.332422 0.629514 0.111719 0.174306 0.874512
2 0.429785 0.656944 0.126367 0.143056 0.87207
2 0.561719 0.685417 0.132812 0.166667 0.856445
2 0.635156 0.703993 0.123438 0.128125 0.796387
2 0.789063 0.658333 0.0984375 0.143056 0.784668
2 0.920313 0.652778 0.14375 0.175 0.693359
2 0.992188 0.661806 0.015625 0.145833 0.625977
2 0.726563 0.713889 0.139063 0.140278 0.912598
2 0.571094 0.685417 0.132812 0.169444 0.893555
2 0.895313 0.6875 0.1375 0.169444 0.888184
2 0.441309 0.656944 0.126758 0.144444 0.874512
2 0.3375 0.631944 0.103125 0.175 0.848633
2 0.6375 0.703472 0.096875 0.125 0.787109
2 0.925 0.653125 0.146875 0.179861 0.779297
2 0.795313 0.645833 0.103125 0.130556 0.744629
2 0.733984 0.711806 0.139844 0.140278 0.919434
2 0.580469 0.681771 0.13125 0.167014 0.897949
2 0.445215 0.659375 0.129883 0.145139 0.880371
2 0.898438 0.684028 0.13125 0.1625 0.880371
2 0.341406 0.634722 0.105859 0.166667 0.861816
2 0.803125 0.634028 0.096875 0.119444 0.800781
2 0.925 0.651042 0.146875 0.185417 0.75293
2 0.65 0.698611 0.0953125 0.123611 0.751465
2 0.453516 0.659722 0.123438 0.148611 0.896484
2 0.903906 0.68316 0.13125 0.158681 0.888184
2 0.347852 0.635417 0.105859 0.163889 0.884277
2 0.589844 0.685937 0.132812 0.158681 0.875977
2 0.745313 0.708507 0.135938 0.141319 0.869141
2 0.810156 0.627778 0.0984375 0.116667 0.813477
2 0.654688 0.694271 0.0921875 0.125347 0.731934
2 0.75625 0.705556 0.13125 0.143056 0.903809
2 0.353125 0.636111 0.105469 0.1625 0.89502
2 0.599219 0.687674 0.132812 0.149653 0.890625
2 0.910938 0.680556 0.135938 0.1625 0.878906
2 0.459277 0.659375 0.133008 0.146528 0.876953
2 0.658594 0.694444 0.1 0.127778 0.807617
2 0.814844 0.637153 0.096875 0.13125 0.800781
2 0.767578 0.701562 0.128906 0.141319 0.899414
2 0.358594 0.638889 0.110938 0.159722 0.894531
2 0.91875 0.678472 0.13125 0.166667 0.88623
2 0.610938 0.685417 0.128906 0.145833 0.875977
2 0.466016 0.660417 0.133594 0.144444 0.872559
2 0.666406 0.698438 0.0945313 0.133681 0.833008
2 0.819531 0.611111 0.09375 0.0736111 0.730957
2 0.821094 0.657639 0.096875 0.166667 0.714844
2 0.923438 0.677778 0.1375 0.163889 0.897461
2 0.623438 0.682118 0.120313 0.141319 0.894531
2 0.775781 0.701215 0.123438 0.142014 0.88916
2 0.365625 0.638194 0.115625 0.155556 0.883789
2 0.467578 0.663542 0.146875 0.136806 0.873535
2 0.675 0.697049 0.0953125 0.128125 0.822754
2 0.826563 0.659722 0.0984375 0.154167 0.80127
2 0.482031 0.664583 0.134375 0.134722 0.88916
2 0.782031 0.702083 0.120313 0.148611 0.88916
2 0.928125 0.681944 0.1375 0.159722 0.888184
2 0.633984 0.676736 0.117188 0.13125 0.881348
2 0.371094 0.640625 0.123438 0.153472 0.880371
2 0.695313 0.697917 0.132812 0.1375 0.755859
2 0.829492 0.661806 0.100391 0.156944 0.667969
2 0.790625 0.7 0.120313 0.152778 0.907715
2 0.93125 0.68125 0.1375 0.156944 0.900391
2 0.64375 0.675694 0.115625 0.136111 0.88916
2 0.378125 0.648611 0.132812 0.1625 0.887695
2 0.490625 0.662847 0.13125 0.135417 0.887695
2 0.711328 0.693056 0.125781 0.145833 0.805176
2 0.83418 0.614236 0.100391 0.0701389 0.665527
2 0.337305 0.569097 0.0785156 0.128472 0.603027
2 0.386328 0.647917 0.144531 0.163889 0.890137
2 0.651563 0.671528 0.109375 0.148611 0.885254
2 0.495313 0.667014 0.135938 0.146528 0.883789
2 0.798438 0.699306 0.121875 0.156944 0.881836
2 0.929688 0.67934 0.140625 0.155208 0.880371
2 0.722656 0.69375 0.116406 0.147222 0.815918
2 0.660156 0.669444 0.10625 0.158333 0.901367
2 0.39375 0.651736 0.153125 0.172917 0.887695
2 0.50625 0.677778 0.13125 0.159722 0.887695
2 0.80332 0.69566 0.121484 0.161458 0.875977
2 0.93125 0.679861 0.1375 0.152778 0.865723
2 0.730469 0.688715 0.115625 0.150347 0.848633
2 0.514453 0.683333 0.133594 0.154167 0.898926
2 0.667969 0.667361 0.104688 0.161111 0.896484
2 0.400391 0.651042 0.160938 0.178472 0.893066
2 0.807031 0.696528 0.120313 0.168056 0.890625
2 0.93125 0.679167 0.1375 0.151389 0.884277
2 0.738281 0.6875 0.114063 0.145833 0.855469
2 0.8125 0.694444 0.121875 0.165278 0.90918
2 0.673438 0.665278 0.104688 0.165278 0.893555
2 0.410254 0.647569 0.162305 0.178472 0.888184
2 0.526563 0.690972 0.124219 0.151389 0.888184
2 0.933594 0.677083 0.132812 0.152778 0.867676
2 0.743359 0.683507 0.117969 0.152431 0.865723
2 0.308984 0.608333 0.0734375 0.143056 0.687012
2 0.417969 0.651042 0.165625 0.18125 0.899414
2 0.81875 0.697049 0.129688 0.158681 0.898926
2 0.679688 0.665972 0.109375 0.166667 0.893555
2 0.53125 0.693056 0.13125 0.148611 0.88916
2 0.752344 0.684549 0.120313 0.147569 0.874512
2 0.934375 0.677083 0.13125 0.154167 0.843262
2 0.309375 0.608333 0.0847656 0.143056 0.653809
2 0.683594 0.666667 0.1125 0.169444 0.901367
2 0.823633 0.696528 0.133984 0.156944 0.897461
2 0.431641 0.651389 0.157031 0.184722 0.896484
2 0.758203 0.683333 0.122656 0.143056 0.884277
2 0.536719 0.698611 0.128906 0.141667 0.884277
2 0.939063 0.677778 0.121875 0.151389 0.84668
2 0.311719 0.607292 0.0921875 0.13125 0.70166
2 0.541406 0.698611 0.126563 0.144444 0.896484
2 0.828125 0.698438 0.135938 0.147569 0.895996
2 0.689063 0.670833 0.114063 0.161111 0.893555
2 0.446484 0.653472 0.160156 0.183333 0.87793
2 0.766406 0.681944 0.121875 0.141667 0.867676
2 0.940625 0.679167 0.11875 0.151389 0.858398
2 0.314844 0.609028 0.0992188 0.1375 0.770996
2 0.548047 0.695833 0.117969 0.152778 0.912109
2 0.836719 0.700174 0.142188 0.144097 0.909668
2 0.696875 0.669792 0.114063 0.161806 0.903809
2 0.446875 0.659722 0.179688 0.179167 0.869141
2 0.770313 0.684896 0.126563 0.135764 0.847656
2 0.317188 0.609028 0.102344 0.144444 0.825195
2 0.940625 0.683333 0.11875 0.143056 0.816895
2 0.353516 0.570833 0.05 0.125 0.647949
2 0.551172 0.691493 0.1125 0.161458 0.918945
2 0.710156 0.66875 0.10625 0.159722 0.88916
2 0.842969 0.702778 0.14375 0.136111 0.887695
2 0.324609 0.614583 0.114844 0.156944 0.861816
2 0.459766 0.654861 0.175 0.156944 0.849609
2 0.771875 0.688889 0.117188 0.133333 0.836914
2 0.942969 0.689583 0.114063 0.130556 0.798828
2 0.876563 0.611111 0.1125 0.0680556 0.631836
2 0.550781 0.684549 0.107813 0.172569 0.900879
2 0.717578 0.667708 0.105469 0.163194 0.890137
2 0.851563 0.702083 0.139063 0.136111 0.884277
2 0.466016 0.659722 0.180469 0.161111 0.86377
2 0.328906 0.621528 0.120313 0.173611 0.852539
2 0.774219 0.69375 0.117188 0.129167 0.826172
2 0.948438 0.691667 0.103125 0.126389 0.784668
2 0.882813 0.609028 0.109375 0.0694444 0.689453
2 0.478516 0.663194 0.175 0.154167 0.897461
2 0.858594 0.700694 0.135938 0.138889 0.893066
2 0.722656 0.659722 0.107031 0.166667 0.881836
2 0.337109 0.623264 0.11875 0.174306 0.86084
2 0.544531 0.680556 0.120313 0.183333 0.859375
2 0.779688 0.689583 0.11875 0.134722 0.797363
2 0.95 0.690278 0.1 0.123611 0.745605
2 0.885938 0.607639 0.1125 0.0736111 0.690918
2 0.728125 0.657292 0.110938 0.16875 0.904785
2 0.867188 0.699306 0.135938 0.140278 0.893555
2 0.346094 0.623611 0.11875 0.169444 0.881836
2 0.488281 0.672222 0.175 0.172222 0.864746
2 0.786719 0.688194 0.115625 0.1375 0.831543
2 0.551563 0.703993 0.103125 0.142014 0.830566
2 0.892188 0.60625 0.1125 0.0763889 0.6875
2 0.950781 0.690972 0.0984375 0.125 0.662598
2 0.732422 0.658333 0.114063 0.169444 0.894531
2 0.871094 0.697917 0.1375 0.141667 0.875488
2 0.352344 0.623958 0.121094 0.167361 0.871094
2 0.509375 0.679861 0.196875 0.191667 0.867676
2 0.795313 0.687326 0.115625 0.136458 0.808594
2 0.95625 0.688194 0.0875 0.127778 0.710449
2 0.896094 0.607292 0.110938 0.0777778 0.645996
2 0.558594 0.710417 0.107813 0.118056 0.641602
2 0.7375 0.654514 0.117188 0.154861 0.895996
2 0.516797 0.679167 0.191406 0.194444 0.886719
2 0.35625 0.625 0.128906 0.163889 0.876953
2 0.879688 0.694444 0.13125 0.143056 0.868164
2 0.803125 0.684722 0.125 0.140278 0.86084
2 0.9625 0.690972 0.075 0.119444 0.704102
2 0.898438 0.609028 0.11875 0.0708333 0.616211
2 0.364063 0.627083 0.133594 0.1625 0.891602
2 0.525781 0.68316 0.192188 0.200347 0.890625
2 0.741406 0.654861 0.120313 0.15 0.886719
2 0.805469 0.679861 0.129688 0.144444 0.886719
2 0.889063 0.691667 0.125 0.15 0.879395
2 0.966406 0.690278 0.0671875 0.115278 0.67041
2 0.5375 0.685417 0.189844 0.197222 0.910156
2 0.745313 0.652083 0.129688 0.143056 0.896484
2 0.810742 0.677604 0.134766 0.150347 0.885254
2 0.367969 0.627083 0.141406 0.161111 0.883789
2 0.898438 0.690972 0.134375 0.156944 0.882812
2 0.969531 0.688194 0.0609375 0.122222 0.605957
2 0.550781 0.686111 0.185156 0.198611 0.900391
2 0.81543 0.676042 0.137891 0.149306 0.89502
2 0.751563 0.648264 0.13125 0.146528 0.89209
2 0.902344 0.691667 0.134375 0.152778 0.88916
2 0.371875 0.629861 0.151563 0.161111 0.875977
2 0.969531 0.690104 0.0609375 0.130903 0.654785
2 0.916406 0.619444 0.117188 0.0847222 0.62793
2 0.574609 0.686806 0.167969 0.190278 0.903809
2 0.82168 0.678472 0.134766 0.145833 0.902344
2 0.383203 0.63125 0.149219 0.158333 0.890137
2 0.760547 0.649306 0.125781 0.148611 0.882812
2 0.910938 0.694271 0.14375 0.153125 0.875977
2 0.586719 0.690104 0.164063 0.186458 0.911621
2 0.391016 0.634375 0.152344 0.159028 0.90918
2 0.825 0.677604 0.135938 0.133681 0.896484
2 0.767969 0.646528 0.121875 0.154167 0.88916
2 0.920313 0.695833 0.159375 0.154167 0.864746
2 0.597266 0.690972 0.161719 0.184722 0.915039
2 0.775391 0.64375 0.124219 0.154167 0.900879
2 0.827344 0.679167 0.134375 0.136111 0.897461
2 0.401953 0.635069 0.153906 0.159028 0.894531
2 0.923438 0.697917 0.153125 0.148611 0.878906
2 0.932031 0.615972 0.125 0.0527778 0.626953
2 0.609766 0.686806 0.1625 0.193056 0.920898
2 0.835938 0.679167 0.13125 0.131944 0.907227
2 0.778906 0.645833 0.126563 0.156944 0.893555
2 0.40791 0.636806 0.162305 0.161111 0.89209
2 0.93125 0.70625 0.1375 0.1375 0.876953
2 0.934375 0.611806 0.115625 0.0534722 0.642578
2 0.845508 0.677431 0.124609 0.135417 0.900391
2 0.621484 0.684722 0.163281 0.201389 0.895996
2 0.415527 0.6375 0.167383 0.165278 0.893066
2 0.782422 0.643056 0.128906 0.151389 0.890137
2 0.938281 0.707639 0.123438 0.1375 0.872559
2 0.3375 0.595139 0.0828125 0.104167 0.668945
2 0.9375 0.619097 0.121875 0.06875 0.620605
2 0.628906 0.682118 0.171875 0.210764 0.914062
2 0.846875 0.677083 0.129688 0.138889 0.900879
2 0.423828 0.638889 0.165625 0.172222 0.891602
2 0.7875 0.645833 0.126563 0.145833 0.881348
2 0.946094 0.705556 0.107813 0.143056 0.841309
2 0.337695 0.598611 0.0777344 0.0944444 0.710449
2 0.942969 0.621528 0.1125 0.075 0.618652
2 0.849219 0.678993 0.135938 0.139236 0.898926
2 0.794141 0.644444 0.128906 0.144444 0.89209
2 0.439453 0.639583 0.158594 0.169444 0.891602
2 0.636719 0.684549 0.179688 0.208681 0.890625
2 0.953125 0.702778 0.09375 0.145833 0.851562
2 0.341797 0.613542 0.08125 0.11875 0.709961
2 0.945313 0.622917 0.109375 0.0763889 0.654785
2 0.853906 0.681944 0.139063 0.1375 0.901367
2 0.64375 0.685937 0.1875 0.203125 0.897949
2 0.799219 0.642708 0.128125 0.139583 0.891602
2 0.450879 0.643403 0.160742 0.165972 0.879395
2 0.957813 0.701562 0.084375 0.152431 0.835938
2 0.345313 0.613889 0.0890625 0.125 0.787109
2 0.946875 0.629861 0.10625 0.0958333 0.70166
2 0.861133 0.684028 0.146484 0.134722 0.90918
2 0.657422 0.690972 0.189063 0.191667 0.891602
2 0.808594 0.639583 0.123438 0.133333 0.885254
2 0.4625 0.645833 0.160156 0.163889 0.876953
2 0.964844 0.70625 0.0703125 0.152778 0.828613
2 0.350391 0.620486 0.0851563 0.138194 0.803711
2 0.950781 0.627083 0.0984375 0.0888889 0.717773
2 0.480469 0.647222 0.15 0.154167 0.897949
2 0.669922 0.696528 0.186719 0.183333 0.896484
2 0.866406 0.685417 0.15 0.131944 0.893066
2 0.814258 0.640278 0.121484 0.134722 0.891602
2 0.355859 0.623264 0.0851563 0.142361 0.817383
2 0.967188 0.706944 0.065625 0.148611 0.786133
2 0.952344 0.641667 0.09375 0.1125 0.775391
2 0.68125 0.692361 0.1875 0.173611 0.911621
2 0.490625 0.65 0.154688 0.154167 0.904785
2 0.822656 0.638194 0.121875 0.143056 0.899414
2 0.87168 0.686111 0.150391 0.126389 0.880371
2 0.362695 0.624306 0.0910156 0.140278 0.841309
2 0.971484 0.708333 0.0570313 0.143056 0.803223
2 0.955078 0.649306 0.0898438 0.120833 0.767578
2 0.694531 0.6875 0.18125 0.176389 0.908203
2 0.499219 0.653472 0.1625 0.155556 0.904785
2 0.828906 0.634722 0.121875 0.140278 0.891602
2 0.880469 0.6875 0.146875 0.125 0.888184
2 0.369141 0.626389 0.09375 0.133333 0.86377
2 0.957813 0.650694 0.084375 0.122222 0.75293
2 0.980469 0.712674 0.0390625 0.141319 0.662109
2 0.507812 0.660764 0.167188 0.161806 0.907715
2 0.888281 0.684028 0.148438 0.126389 0.900879
2 0.704688 0.679167 0.182813 0.173611 0.890137
2 0.834375 0.633333 0.123438 0.129167 0.873535
2 0.371289 0.627431 0.0917969 0.132639 0.866699
2 0.960938 0.650694 0.075 0.123611 0.736328
2 0.663672 0.665278 0.103125 0.147222 0.614258
2 0.983594 0.713889 0.0328125 0.138889 0.605957
2 0.513281 0.671528 0.178125 0.184722 0.895996
2 0.714063 0.676736 0.184375 0.175694 0.894531
2 0.897656 0.683333 0.142188 0.125 0.884277
2 0.840625 0.634722 0.120313 0.125 0.867676
2 0.376563 0.626389 0.090625 0.130556 0.853516
2 0.669531 0.660417 0.104688 0.155556 0.803711
2 0.965625 0.652083 0.06875 0.123611 0.76709
2 0.984375 0.715451 0.03125 0.124653 0.656738
2 0.521094 0.672917 0.185938 0.193056 0.901367
2 0.90625 0.683333 0.142188 0.125 0.883789
2 0.382422 0.627778 0.09375 0.131944 0.873535
2 0.84668 0.636111 0.122266 0.126389 0.86084
2 0.724609 0.671528 0.182031 0.1875 0.858398
2 0.674219 0.659028 0.102344 0.151389 0.815918
2 0.96875 0.660417 0.0625 0.1375 0.745605
2 0.534375 0.670139 0.182813 0.190278 0.904297
2 0.748047 0.665972 0.153906 0.191667 0.88623
2 0.9125 0.683333 0.14375 0.123611 0.879395
2 0.388867 0.628819 0.0964844 0.134028 0.878906
2 0.678125 0.652083 0.102344 0.147222 0.872559
2 0.852344 0.631597 0.121875 0.121528 0.850586
2 0.970313 0.660764 0.059375 0.132639 0.766113
2 0.542578 0.672222 0.186719 0.1875 0.912109
2 0.393164 0.629167 0.0972656 0.133333 0.897461
2 0.91875 0.684549 0.15625 0.125347 0.891602
2 0.684375 0.648611 0.104688 0.143056 0.872559
2 0.755469 0.662847 0.167188 0.202083 0.872559
2 0.860938 0.636111 0.117188 0.130556 0.827148
2 0.971875 0.661806 0.053125 0.134722 0.742188
2 0.769141 0.6625 0.169531 0.206944 0.895996
2 0.556641 0.675 0.182031 0.186111 0.893555
2 0.39668 0.628472 0.0988281 0.131944 0.887695
2 0.925 0.686111 0.145313 0.123611 0.882812
2 0.689844 0.644444 0.107813 0.138889 0.868164
2 0.867188 0.636806 0.115625 0.129167 0.800293
2 0.975 0.659375 0.0484375 0.134028 0.662598
2 0.571875 0.676736 0.173438 0.18125 0.902344
2 0.778125 0.661806 0.173438 0.208333 0.900391
2 0.929688 0.68316 0.140625 0.122569 0.898926
2 0.401563 0.629861 0.102344 0.131944 0.886719
2 0.691797 0.640278 0.116406 0.140278 0.875488
2 0.878125 0.624306 0.103125 0.113889 0.80127
2 0.978125 0.617014 0.04375 0.0576389 0.620605
2 0.789453 0.664931 0.178906 0.200694 0.908203
2 0.699219 0.640972 0.120313 0.147222 0.901367
2 0.406934 0.63125 0.101758 0.131944 0.893066
2 0.936719 0.684722 0.126563 0.126389 0.891602
2 0.583203 0.679167 0.177344 0.177778 0.872559
2 0.886719 0.626389 0.1 0.120833 0.788574
2 0.979688 0.614583 0.040625 0.0534722 0.651367
2 0.8 0.665625 0.176563 0.189583 0.897461
2 0.704297 0.640972 0.119531 0.148611 0.896484
2 0.939063 0.684722 0.121875 0.127778 0.879395
2 0.410254 0.633681 0.106055 0.129861 0.875977
2 0.591406 0.679167 0.176563 0.168056 0.874512
2 0.899219 0.6375 0.0859375 0.140278 0.779785
2 0.982813 0.609722 0.034375 0.0597222 0.615234
2 0.598438 0.68125 0.178125 0.1625 0.903809
2 0.412109 0.636458 0.107813 0.13125 0.899414
2 0.936719 0.684896 0.126563 0.127431 0.87793
2 0.8125 0.669444 0.179688 0.184722 0.872559
2 0.7125 0.64375 0.1125 0.141667 0.872559
2 0.903125 0.641667 0.090625 0.155556 0.601074
2 0.942188 0.687326 0.115625 0.125347 0.902344
2 0.60625 0.680556 0.189844 0.166667 0.900879
2 0.722656 0.64375 0.103125 0.134722 0.887695
2 0.415234 0.6375 0.110156 0.131944 0.886719
2 0.829883 0.672222 0.177734 0.176389 0.843262
2 0.616406 0.677083 0.195313 0.181944 0.90918
2 0.94375 0.686806 0.1125 0.126389 0.888184
2 0.421875 0.641667 0.111719 0.134722 0.880371
2 0.857617 0.662847 0.197266 0.177083 0.857422
2 0.728125 0.645139 0.103906 0.133333 0.849609
2 0.635156 0.676042 0.1875 0.184028 0.90918
2 0.86582 0.661111 0.190234 0.170833 0.897949
2 0.426172 0.642708 0.111719 0.136806 0.887695
2 0.949219 0.686806 0.101563 0.129167 0.82959
2 0.733594 0.647222 0.107813 0.140278 0.811035
2 0.354688 0.623958 0.0589844 0.0888889 0.609375
2 0.87832 0.656944 0.183984 0.172222 0.915039
2 0.65 0.679167 0.18125 0.177778 0.907715
2 0.43125 0.644444 0.116406 0.1375 0.876953
2 0.750781 0.640278 0.0859375 0.127778 0.808594
2 0.959375 0.686806 0.08125 0.127778 0.787109
2 0.358984 0.633333 0.0640625 0.101389 0.675781
2 0.890625 0.652431 0.16875 0.16875 0.902344
2 0.661719 0.681771 0.186719 0.167014 0.884277
2 0.433594 0.645139 0.11875 0.136111 0.865723
2 0.754688 0.638194 0.0953125 0.126389 0.814453
2 0.95625 0.690278 0.0875 0.126389 0.762695
2 0.362305 0.636806 0.0691406 0.108333 0.720215
2 0.9 0.647222 0.164063 0.170833 0.907227
2 0.66875 0.684028 0.178125 0.161111 0.865723
2 0.757813 0.634028 0.104688 0.122222 0.860352
2 0.4375 0.647569 0.121875 0.132639 0.84668
2 0.960938 0.69375 0.078125 0.136111 0.805176
2 0.365039 0.636806 0.0699219 0.111111 0.70752
2 0.9125 0.642014 0.159375 0.184028 0.904297
2 0.763281 0.635417 0.1125 0.116667 0.867676
2 0.444922 0.650694 0.114844 0.129167 0.865723
2 0.684766 0.681944 0.171094 0.1625 0.856445
2 0.967188 0.689583 0.0625 0.136111 0.811035
2 0.368164 0.635417 0.0722656 0.111111 0.751953
2 0.919531 0.638889 0.159375 0.188889 0.904785
2 0.451563 0.649306 0.114063 0.131944 0.880371
2 0.705469 0.680382 0.175 0.158681 0.853516
2 0.377539 0.635417 0.0644531 0.108333 0.818848
2 0.771094 0.634722 0.110938 0.118056 0.803711
2 0.96875 0.689583 0.0625 0.136111 0.76123
2 0.921875 0.637153 0.15625 0.195139 0.89209
2 0.458594 0.65 0.1125 0.136111 0.886719
2 0.724219 0.672917 0.189063 0.159722 0.850586
2 0.38125 0.6375 0.0625 0.106944 0.830078
2 0.780078 0.636806 0.108594 0.126389 0.754395
2 0.971875 0.690278 0.05625 0.134722 0.715332
2 0.923438 0.636806 0.153125 0.197222 0.885254
2 0.738281 0.670139 0.189063 0.165278 0.855469
2 0.464844 0.650694 0.117188 0.136111 0.849609
2 0.386328 0.6375 0.0664062 0.106944 0.775879
2 0.973438 0.687326 0.053125 0.139236 0.666504
2 0.323828 0.609375 0.053125 0.0986111 0.62793
2 0.755469 0.663194 0.176563 0.179167 0.893066
2 0.473047 0.651042 0.113281 0.138194 0.884277
2 0.925391 0.64375 0.149219 0.184722 0.87207
2 0.388672 0.639236 0.065625 0.104861 0.803223
2 0.324219 0.609028 0.0507813 0.101389 0.660156
2 0.766406 0.660764 0.171875 0.18125 0.897949
2 0.480859 0.650694 0.114844 0.1375 0.888184
2 0.928125 0.657639 0.14375 0.166667 0.881836
2 0.392578 0.639583 0.0710938 0.105556 0.85498
2 0.325586 0.608681 0.0519531 0.0986111 0.675781
2 0.778906 0.659722 0.167188 0.1875 0.902344
2 0.935156 0.660764 0.129688 0.157639 0.890625
2 0.483203 0.652778 0.121094 0.136111 0.880371
2 0.396875 0.639931 0.0734375 0.10625 0.82666
2 0.326953 0.613889 0.0566406 0.107639 0.662109
2 0.788672 0.659028 0.175781 0.1875 0.910156
2 0.939844 0.657639 0.120313 0.152778 0.891602
2 0.491406 0.654167 0.11875 0.136111 0.880371
2 0.396484 0.640625 0.0710938 0.107639 0.852051
2 0.328125 0.610417 0.0570313 0.0986111 0.680664
2 0.798047 0.660764 0.186719 0.190972 0.921875
2 0.94375 0.657986 0.1125 0.157639 0.897461
2 0.496875 0.655556 0.11875 0.133333 0.890137
2 0.396094 0.643056 0.0726563 0.105556 0.876465
2 0.33125 0.609722 0.0640625 0.0958333 0.679199
2 0.807813 0.663889 0.198438 0.1875 0.897461
2 0.503906 0.655556 0.11875 0.136111 0.894531
2 0.950781 0.653472 0.0984375 0.163889 0.881348
2 0.402441 0.645139 0.0716797 0.105556 0.880859
2 0.331055 0.6125 0.0652344 0.101389 0.686035
