2 0.355859 0.629167 0.0648438 0.134722 0.602051
2 0.325781 0.628472 0.0707031 0.152778 0.709961
2 0.360156 0.624653 0.0597656 0.127083 0.613281
2 0.325391 0.631597 0.0710938 0.149306 0.794922
2 0.361328 0.624306 0.0578125 0.122222 0.637207
2 0.324219 0.632986 0.0765625 0.149306 0.808594
2 0.353906 0.614583 0.0734375 0.143056 0.660156
2 0.324414 0.633333 0.0800781 0.15 0.770996
2 0.355469 0.611806 0.0765625 0.154167 0.650391
2 0.335742 0.637153 0.0996094 0.152083 0.780762
2 0.335156 0.638889 0.0921875 0.151389 0.800293
